ID	GeneID	geneSymbol	chr	strand	longExonStart_0base	longExonEnd	shortES	shortEE	flankingES	flankingEE	ID	IJC_SAMPLE_1	SJC_SAMPLE_1	IJC_SAMPLE_2	SJC_SAMPLE_2	IncFormLen	SkipFormLen	PValue	FDR	IncLevel1	IncLevel2	IncLevelDifference
203	Ccdc134	Ccdc134	chr15	+	775090	775220	775098	775220	773726	773845	203	11,8,8	86,101,61	35,46,33	28,27,28	157	149	0.0	0.0	0.108,0.07,0.111	0.543,0.618,0.528	-0.467
371	Tnpo3	Tnpo3	chr6	-	15968	16154	15968	16136	16326	16483	371	5,8,10	125,163,157	32,34,26	135,174,149	167	149	2.5629909306e-09	9.649660853709e-07	0.034,0.042,0.054	0.175,0.148,0.135	-0.109
485	Khdc4	Khdc4	chr3	+	470121	470234	470149	470234	469071	469233	485	127,125,100	44,42,39	72,91,90	34,71,56	177	149	0.00154196199023	0.0396956368766902	0.708,0.715,0.683	0.641,0.519,0.575	0.124
697	Supt20	Supt20	chr3	+	416365	417373	417066	417373	415261	415417	697	481,522,525	333,281,314	471,614,481	117,153,153	298	149	2.64233079861e-14	1.98967509135333e-11	0.419,0.482,0.455	0.668,0.667,0.611	-0.197
942	Sh3gl3	Sh3gl3	chr7	+	301519	301663	301526	301663	299026	299099	942	328,304,295	78,88,54	185,252,209	110,120,120	156	149	7.5763284535e-11	3.803316883657e-08	0.801,0.767,0.839	0.616,0.667,0.625	0.166
1118	Ggt7	Ggt7	chr2	-	829691	829801	829691	829759	830983	831101	1118	4,10,9	31,24,29	10,13,9	7,7,6	191	149	1.82472798183e-06	0.0002204873911356	0.091,0.245,0.195	0.527,0.592,0.539	-0.376
1142	Rpain	Rpain	chr11	+	696303	696444	696397	696444	695472	695536	1142	136,130,122	13,9,16	95,123,108	1,2,3	243	149	1.11343639719e-06	0.0001676835214168	0.865,0.899,0.824	0.983,0.974,0.957	-0.109
1228	Slc9b1	Slc9b1	chr3	+	626189	626339	626250	626339	624511	624618	1228	314,328,320	66,53,59	208,252,247	73,92,78	210	149	5.46807931801e-06	0.0004574959696068	0.771,0.815,0.794	0.669,0.66,0.692	0.12
1455	Arc	Arc	chr15	-	675787	675927	675787	675924	676172	678178	1455	291,306,295	103,101,129	143,135,146	94,111,67	152	149	0.000623744082557	0.0223656806745438	0.735,0.748,0.692	0.599,0.544,0.681	0.117
1589	Wdr54	Wdr54	chr6	-	461363	461534	461363	461430	461771	461834	1589	15,10,21	75,93,79	29,24,11	47,43,40	253	149	0.000118910022984	0.0063956605219251	0.105,0.06,0.135	0.267,0.247,0.139	-0.118
1646	Ccdc77	Ccdc77	chr6	-	590601	590839	590601	590785	594395	594449	1646	111,168,116	27,28,30	126,173,141	68,63,44	203	149	0.00093311748163	0.027827226283857	0.751,0.815,0.739	0.576,0.668,0.702	0.12
1677	4933405L10Rik	4933405L10Rik	chr8	+	369179	369764	369206	369764	368918	369103	1677	61,53,57	82,84,78	14,29,15	67,63,55	176	149	7.41420728193e-05	0.0044663184666346	0.386,0.348,0.382	0.15,0.28,0.188	0.166
1888	Pde1c	Pde1c	chr6	-	439808	440257	439808	439924	447604	447698	1888	51,89,74	109,88,86	90,99,76	52,61,57	298	149	6.58587340955e-05	0.0041326355644926	0.19,0.336,0.301	0.464,0.448,0.4	-0.162
1905	1700034J05Rik	1700034J05Rik	chr6	-	624713	625913	624713	625910	626298	626999	1905	114,87,112	156,93,107	9,10,10	23,27,22	152	149	0.000657808918043	0.0229007513013114	0.417,0.478,0.506	0.277,0.266,0.308	0.183
1942	Rorc	Rorc	chr3	+	494831	495638	495505	495638	493906	494028	1942	3,1,5	14,9,15	9,15,15	20,13,14	298	149	0.000990286532289	0.028958670245189	0.097,0.053,0.143	0.184,0.366,0.349	-0.202
1950	Tex22	Tex22	chr12	+	344913	345245	345052	345245	344310	344810	1950	232,256,290	306,324,279	233,259,209	166,170,150	288	149	3.05178962734e-06	0.0003404440873165	0.282,0.29,0.35	0.421,0.441,0.419	-0.12
1989	Espl1	Espl1	chr15	+	869744	869888	869798	869888	869331	869454	1989	71,101,64	45,55,54	34,73,39	65,78,59	203	149	8.38749771406e-05	0.0048896260368759	0.537,0.574,0.465	0.277,0.407,0.327	0.188
2095	Wdr59	Wdr59	chr8	-	404836	404963	404836	404960	406496	406569	2095	39,41,43	9,19,16	59,53,61	7,10,5	152	149	0.00043881084079	0.0169422950846416	0.809,0.679,0.725	0.892,0.839,0.923	-0.147
2123	Fkbp1a	Fkbp1a	chr2	+	682158	682393	682265	682393	681070	681118	2123	134,118,123	127,129,85	226,281,251	77,105,101	256	149	7.30406068961e-10	3.142832971015045e-07	0.38,0.347,0.457	0.631,0.609,0.591	-0.216
2135	Wdr62	Wdr62	chr7	-	77997	78187	77997	78129	78285	78393	2135	72,80,83	132,143,132	90,129,99	113,133,98	207	149	0.000700694283948	0.0234499020361264	0.282,0.287,0.312	0.364,0.411,0.421	-0.105
2386	Agfg1	Agfg1	chr1	+	756640	756732	756646	756732	755588	755747	2386	396,379,305	106,111,79	238,312,252	131,164,121	155	149	1.1178707382e-07	2.6838602370672e-05	0.782,0.766,0.788	0.636,0.646,0.667	0.129
2387	Mief1	Mief1	chr15	+	762465	762728	762551	762728	762098	762276	2387	139,169,169	25,14,21	121,176,157	22,47,42	235	149	0.00074407444037	0.024098410907467	0.779,0.884,0.836	0.777,0.704,0.703	0.105
3044	Sltm	Sltm	chr9	+	86986	87455	87040	87455	85678	85706	3044	185,209,202	94,64,74	127,140,128	61,112,91	203	149	0.00201360934536	0.0483400208765123	0.591,0.706,0.667	0.604,0.478,0.508	0.125
3288	Dnajb4	Dnajb4	chr3	-	687041	687329	687041	687283	703499	703748	3288	41,42,31	70,81,68	30,30,26	11,30,24	195	149	0.000697101510863	0.0234499020361264	0.309,0.284,0.258	0.676,0.433,0.453	-0.237
3487	Spo11	Spo11	chr2	+	886465	886575	886477	886575	886129	886166	3487	150,179,178	133,147,137	138,178,155	66,64,33	161	149	1.76541548047e-07	3.798165305125457e-05	0.511,0.53,0.546	0.659,0.72,0.813	-0.202
3502	Mlxipl	Mlxipl	chr5	+	783463	783559	783491	783559	782697	783244	3502	4,8,1	58,65,40	13,20,12	58,69,52	177	149	0.000102860521477	0.0056330161943404	0.055,0.094,0.021	0.159,0.196,0.163	-0.116
3589	Anapc10	Anapc10	chr8	+	271562	271737	271610	271737	270220	270302	3589	70,57,71	79,70,81	22,31,30	64,82,78	197	149	1.50064858429e-06	0.0002054524334491	0.401,0.381,0.399	0.206,0.222,0.225	0.176
3608	Pbx4	Pbx4	chr8	+	228975	229166	229049	229166	223231	223305	3608	191,162,205	83,76,69	130,156,134	94,131,96	223	149	4.61010532515e-06	0.0004574959696068	0.606,0.587,0.665	0.48,0.443,0.483	0.151
