ID	GeneID	geneSymbol	chr	strand	longExonStart_0base	longExonEnd	shortES	shortEE	flankingES	flankingEE	ID	IJC_SAMPLE_1	SJC_SAMPLE_1	IJC_SAMPLE_2	SJC_SAMPLE_2	IncFormLen	SkipFormLen	PValue	FDR	IncLevel1	IncLevel2	IncLevelDifference
120	Rbakdn	Rbakdn	chr5	-	890313	890407	890321	890407	890085	890205	120	1188,1110,1035	930,949,942	571,729,634	771,952,760	157	149	4.8661916856e-06	0.0006052005764775	0.548,0.526,0.51	0.413,0.421,0.442	0.103
325	Rbm7	Rbm7	chr9	-	25900	25995	25904	25995	23753	25045	325	13,8,3	177,148,157	29,15,34	141,178,133	153	149	3.19309281904e-07	6.287731942826266e-05	0.067,0.05,0.018	0.167,0.076,0.199	-0.102
508	Tlcd1	Tlcd1	chr11	+	827625	828189	827625	828024	828337	828420	508	32,37,25	74,55,70	26,49,39	26,35,36	298	149	1.40153231232e-05	0.0014267759214367	0.178,0.252,0.152	0.333,0.412,0.351	-0.171
526	Spc25	Spc25	chr2	-	399714	400098	399948	400098	398910	399063	526	21,31,30	57,72,55	23,39,21	26,43,24	298	149	0.00143611346669	0.0385629104748689	0.156,0.177,0.214	0.307,0.312,0.304	-0.125
534	Clip4	Clip4	chr17	+	786937	787136	786937	787081	789635	789770	534	33,13,29	78,66,72	4,1,2	24,29,24	204	149	3.96496202023e-05	0.0027556486040598	0.236,0.126,0.227	0.109,0.025,0.057	0.133
594	Dcaf8	Dcaf8	chr1	+	1402857	1403181	1402857	1403011	1404091	1404164	594	252,218,222	65,58,56	128,187,152	64,82,64	298	149	0.000101558299908	0.0055809828530838	0.66,0.653,0.665	0.5,0.533,0.543	0.134
685	Smim8	Smim8	chr4	-	11554	11697	11609	11697	5204	5384	685	74,48,46	56,58,58	62,83,58	36,35,39	204	149	0.00184902214002	0.0446921735907751	0.491,0.377,0.367	0.557,0.634,0.521	-0.159
729	Tatdn1	Tatdn1	chr15	-	515985	516125	516061	516125	513430	513574	729	31,53,41	6,9,6	25,39,30	16,24,17	225	149	3.99162998954e-06	0.0005240123147379	0.774,0.796,0.819	0.509,0.518,0.539	0.274
887	Mtss1	Mtss1	chr15	-	533978	534186	534023	534186	529895	532792	887	14,8,15	11,5,8	11,7,4	13,14,23	194	149	0.00167043061488	0.0424433069135638	0.494,0.551,0.59	0.394,0.277,0.118	0.282
979	Bclaf3	Bclaf3	chrX	+	129215	130153	129215	129330	130706	130802	979	3,0,6	12,9,19	3,18,11	7,21,12	298	149	0.00135842974737	0.0373252266632012	0.111,0.0,0.136	0.176,0.3,0.314	-0.181
1016	Lrrc56	Lrrc56	chr7	+	783169	783938	783169	783657	784947	785018	1016	187,194,196	115,99,108	209,185,189	57,78,47	298	149	0.000193234799467	0.0083020696571003	0.448,0.495,0.476	0.647,0.543,0.668	-0.146
1093	Dnajb6	Dnajb6	chr5	+	185403	186453	185403	185514	189409	189830	1093	37,44,47	5,10,5	35,58,37	47,64,11	298	149	2.53439617209e-05	0.0019318639208544	0.787,0.688,0.825	0.271,0.312,0.627	0.363
1260	Hadhb	Hadhb	chr5	+	193830	193964	193830	193917	202246	202321	1260	126,126,119	188,234,242	62,87,80	196,281,229	196	149	1.9652052763e-05	0.0016584928813917	0.338,0.29,0.272	0.194,0.191,0.21	0.102
1397	Tulp2	Tulp2	chr7	+	168991	169312	168991	169291	170136	170249	1397	122,102,120	340,265,327	79,111,114	105,148,126	170	149	1.85752069282e-09	1.097330349283415e-06	0.239,0.252,0.243	0.397,0.397,0.442	-0.167
1501	Spsb2	Spsb2	chr6	+	601864	601999	601864	601983	602430	603173	1501	28,15,17	16,11,12	1,5,4	16,17,5	165	149	7.9975190075e-05	0.0046922048904941	0.612,0.552,0.561	0.053,0.21,0.419	0.348
1552	BC031181	BC031181	chr18	+	246056	246332	246056	246118	248868	249044	1552	99,143,133	19,37,23	147,187,157	16,22,17	298	149	0.00206758040389	0.0483731930137828	0.723,0.659,0.743	0.821,0.81,0.822	-0.109
1553	BC031181	BC031181	chr18	+	246056	246431	246056	246118	248868	249044	1553	9,15,12	19,37,23	21,20,31	16,22,17	298	149	0.00027950405555	0.0108273456272893	0.191,0.169,0.207	0.396,0.312,0.477	-0.206
1739	Rmdn2	Rmdn2	chr17	+	832240	832590	832240	832368	833027	833945	1739	17,14,23	90,43,64	17,18,16	0,0,2	298	149	0.0	0.0	0.086,0.14,0.152	1.0,1.0,0.8	-0.807
1891	Hnrnph3	Hnrnph3	chr10	-	848843	849028	848888	849028	848326	848413	1891	148,144,160	143,143,118	169,285,205	113,142,126	194	149	0.000717096731792	0.0225933276963266	0.443,0.436,0.51	0.535,0.607,0.555	-0.103
2028	Fam160a2	Fam160a2	chr7	-	381257	382049	381851	382049	378875	379054	2028	141,134,105	74,73,66	141,153,135	36,45,51	298	149	0.000128042257992	0.0067236412363354	0.488,0.479,0.443	0.662,0.63,0.57	-0.151
2276	Epb41l2	Epb41l2	chr10	+	496435	496999	496435	496750	500786	500885	2276	153,168,167	60,44,64	168,207,204	36,43,34	298	149	0.000681186155063	0.0220465876975028	0.56,0.656,0.566	0.7,0.706,0.75	-0.125
2408	Pwwp2b	Pwwp2b	chr7	+	766685	768381	766685	768076	778387	779169	2408	18,26,13	34,17,14	30,15,16	6,6,4	298	149	9.0515256628e-05	0.0050925607479039	0.209,0.433,0.317	0.714,0.556,0.667	-0.326
2528	Mea1	Mea1	chr17	+	150884	151061	150884	151032	151515	151796	2528	248,245,228	140,148,172	158,241,187	61,84,59	178	149	2.50728127549e-06	0.0003702941033739	0.597,0.581,0.526	0.684,0.706,0.726	-0.137
2555	Ccna1	Ccna1	chr3	-	441971	442078	441987	442078	441355	441541	2555	52,38,36	32,28,37	14,28,9	5,5,2	165	149	0.000249540370117	0.0099943032980757	0.595,0.551,0.468	0.717,0.835,0.803	-0.247
2579	Ccdc114	Ccdc114	chr7	+	176793	176965	176793	176845	177076	177168	2579	86,117,93	4,3,3	89,106,99	18,11,4	269	149	0.000672688432359	0.0220465876975028	0.923,0.956,0.945	0.733,0.842,0.932	0.106
2629	Srrd	Srrd	chr5	-	565146	565218	565172	565218	564561	564912	2629	17,9,11	100,75,82	19,27,16	59,64,53	175	149	0.000156060279174	0.0078461795678332	0.126,0.093,0.103	0.215,0.264,0.204	-0.12
2678	Cct6b	Cct6b	chr11	-	878561	878861	878630	878861	876727	876791	2678	252,239,241	255,261,288	269,286,229	145,207,189	218	149	0.000176542797181	0.0079402026807086	0.403,0.385,0.364	0.559,0.486,0.453	-0.115
