ID	GeneID	geneSymbol	chr	strand	1stExonStart_0base	1stExonEnd	2ndExonStart_0base	2ndExonEnd	upstreamES	upstreamEE	downstreamES	downstreamEE	ID	IJC_SAMPLE_1	SJC_SAMPLE_1	IJC_SAMPLE_2	SJC_SAMPLE_2	IncFormLen	SkipFormLen	PValue	FDR	IncLevel1	IncLevel2	IncLevelDifference
77	Armc2	Armc2	chr10	-	749428	749501	752543	752799	741105	741274	758968	759158	77	97,69,84	55,39,42	108,129,116	27,46,33	298	222	0.000520495589693	0.0468101428356918	0.568,0.569,0.598	0.749,0.676,0.724	-0.138
122	4932414N04Rik	4932414N04Rik	chr2	+	364304	364375	364798	364916	352435	352607	366379	366564	122	45,71,66	131,134,139	29,22,37	96,123,155	220	267	0.000241480399537	0.0265423795084312	0.294,0.391,0.366	0.268,0.178,0.225	0.127
1035	Ppp4r1l-ps	Ppp4r1l-ps	chr2	-	899464	899562	908607	908754	896914	897062	915357	916298	1035	140,151,156	39,43,37	90,100,69	51,54,47	296	247	1.52479793769e-06	0.000549350812551	0.75,0.746,0.779	0.596,0.607,0.551	0.174
1384	Nbr1	Nbr1	chr11	+	909454	909565	911276	911342	907573	908052	911641	911758	1384	51,49,34	61,56,62	23,19,22	54,73,59	260	215	0.000207877239539	0.0232428258346623	0.409,0.42,0.312	0.26,0.177,0.236	0.156
1788	Mtmr14	Mtmr14	chr6	+	529194	529303	533054	533130	517166	517445	533413	533474	1788	3,6,4	42,40,38	15,10,10	27,38,32	258	225	0.000327084256678	0.0330423703099315	0.059,0.116,0.084	0.326,0.187,0.214	-0.156
1818	Tsnaxip1	Tsnaxip1	chr8	+	379479	379561	384727	384821	373764	373848	386011	386208	1818	135,104,126	172,172,179	29,50,44	82,118,99	231	243	0.000341378382539	0.0330423703099315	0.452,0.389,0.425	0.271,0.308,0.319	0.123
2252	Rims2	Rims2	chr15	+	95816	96027	149024	149335	79128	79215	240711	241637	2252	19,20,21	109,123,99	48,66,64	76,142,104	298	298	3.54461571206e-10	7.662277630903034e-07	0.148,0.14,0.175	0.387,0.317,0.381	-0.207
2792	Fbxl13	Fbxl13	chr5	-	42607	42706	61813	61943	41953	42071	70246	70347	2792	107,96,73	23,17,21	15,14,23	0,0,3	279	248	6.91101663124e-05	0.0104227774078119	0.805,0.834,0.755	1.0,1.0,0.872	-0.159
3398	Ccdc7b	Ccdc7b	chr8	+	583161	583245	607890	607911	573455	573542	608163	608196	3398	62,65,81	22,33,43	35,33,31	5,6,4	233	170	4.28911726957e-05	0.0078134039742188	0.673,0.59,0.579	0.836,0.801,0.85	-0.215
3454	Ttc41	Ttc41	chr10	+	915156	915335	920977	921117	907531	907730	928988	929160	3454	132,129,148	82,100,115	35,51,51	53,65,63	298	289	0.000128861852347	0.0167133822494058	0.61,0.556,0.555	0.39,0.432,0.44	0.153
3586	Lin7a	Lin7a	chr10	+	1037100	1037219	1093269	1093341	985020	985132	1125142	1125361	3586	181,182,157	9,19,16	102,162,109	21,26,27	268	221	5.27080743331e-05	0.0089950490013198	0.943,0.888,0.89	0.8,0.837,0.769	0.105
3625	Phf21a	Phf21a	chr2	+	621656	621679	621748	621912	619435	619496	626911	627067	3625	75,51,51	263,304,250	30,22,19	191,309,274	172	298	5.68551658831e-06	0.0016759352306904	0.331,0.225,0.261	0.214,0.11,0.107	0.129
3645	Fkbp1a	Fkbp1a	chr2	+	681070	681118	682265	682393	680735	680997	695638	695751	3645	958,957,880	218,215,227	573,749,639	319,422,346	197	277	0.0	0.0	0.861,0.862,0.845	0.716,0.714,0.722	0.139
3756	Mospd3	Mospd3	chr5	-	795914	795990	796208	796481	795531	795761	796679	796997	3756	27,14,21	60,50,61	11,16,10	70,101,79	298	225	0.000170733005142	0.0197714917561762	0.254,0.175,0.206	0.106,0.107,0.087	0.112
3777	Smarca2	Smarca2	chr19	+	81728	81858	88517	88979	77531	77792	98235	98497	3777	106,155,127	482,496,478	141,186,150	278,369,345	279	298	1.80042068143e-07	9.72977343256129e-05	0.19,0.25,0.221	0.351,0.35,0.317	-0.119
3984	Slc29a1	Slc29a1	chr17	-	143500	143582	145422	145505	143166	143369	146575	146676	3984	76,71,69	121,115,130	32,41,32	85,129,97	232	231	0.000498821502168	0.0462122491651354	0.385,0.381,0.346	0.273,0.24,0.247	0.117
4431	Agbl3	Agbl3	chr6	+	133916	134101	141346	141575	131404	131450	152071	154051	4431	83,78,72	108,126,131	27,38,43	98,127,94	298	298	0.000149672085445	0.0183136504549212	0.435,0.382,0.355	0.216,0.23,0.314	0.137
4457	Atat1	Atat1	chr17	-	122762	122842	125742	125986	122631	122674	126357	126429	4457	92,89,105	3,9,9	56,81,75	16,17,21	298	229	2.11671519457e-06	0.0006863449018393	0.959,0.884,0.9	0.729,0.785,0.733	0.165
5863	Ehbp1l1	Ehbp1l1	chr19	-	12288	15034	15312	15353	11665	11823	15435	15504	5863	161,155,154	29,21,19	55,77,72	29,30,38	190	298	1.40902944867e-09	1.305365139232136e-06	0.897,0.92,0.927	0.748,0.801,0.748	0.149
5917	Inpp5e	Inpp5e	chr2	-	100354	100516	100977	101085	100174	100290	101314	101434	5917	89,76,85	111,131,140	65,66,66	34,49,35	257	298	1.81810372313e-08	1.473800330562256e-05	0.482,0.402,0.413	0.689,0.61,0.686	-0.229
5982	Tbc1d14	Tbc1d14	chr5	-	369047	369168	397166	397908	350800	350919	410652	410707	5982	12,14,16	101,88,109	0,1,0	51,118,89	298	270	1.34000588403e-11	4.344969078967275e-08	0.097,0.126,0.117	0.0,0.008,0.0	0.111
6012	Art3	Art3	chr5	+	487865	487898	489107	489137	486266	486299	493540	493573	6012	300,353,313	108,101,132	197,243,193	128,156,121	182	179	8.49899689737e-07	0.0003242117345849	0.732,0.775,0.7	0.602,0.605,0.611	0.13
6107	Ak9	Ak9	chr10	+	610678	610939	614357	614482	607148	607361	617868	618088	6107	130,165,179	158,241,224	69,103,77	50,52,37	298	274	4.04991336023e-08	2.918187571232395e-05	0.431,0.386,0.424	0.559,0.646,0.657	-0.207
6389	Osbpl1a	Osbpl1a	chr18	-	184826	184989	214720	214827	163147	163304	223365	223622	6389	61,77,64	82,105,113	28,22,18	75,84,63	256	298	9.30148764045e-06	0.002320005667243	0.464,0.461,0.397	0.303,0.234,0.25	0.178
6560	Carmil1	Carmil1	chr13	-	12012	12153	13839	14052	2000	2977	15370	15452	6560	147,157,159	70,47,51	132,151,117	27,28,24	298	290	0.000526929903933	0.0468101428356918	0.671,0.765,0.752	0.826,0.84,0.826	-0.101
6565	Akap12	Akap12	chr10	+	49414	49529	88813	93611	2000	2340	94149	95143	6565	281,284,249	1069,1123,998	342,452,300	735,898,700	264	298	6.92282342563e-10	8.949628811192325e-07	0.229,0.222,0.22	0.344,0.362,0.326	-0.12
