ID	GeneID	geneSymbol	chr	strand	riExonStart_0base	riExonEnd	upstreamES	upstreamEE	downstreamES	downstreamEE	ID	IJC_SAMPLE_1	SJC_SAMPLE_1	IJC_SAMPLE_2	SJC_SAMPLE_2	IncFormLen	SkipFormLen	PValue	FDR	IncLevel1	IncLevel2	IncLevelDifference
2	Ssbp4	Ssbp4	chr8	-	256444	256678	256444	256523	256607	256678	2	31,29,27	76,47,51	47,60,31	48,60,41	233	149	0.00147310181836	0.0230918663418594	0.207,0.283,0.253	0.385,0.39,0.326	-0.119
8	Hook2	Hook2	chr8	+	347360	347681	347360	347448	347646	347681	8	53,44,58	163,164,142	94,122,91	50,55,69	298	149	0.0	0.0	0.14,0.118,0.17	0.485,0.526,0.397	-0.327
15	Mib1	Mib1	chr18	+	88360	94954	88360	88532	94194	94954	15	100,80,63	146,147,122	81,113,109	105,88,96	298	149	0.000169516149279	0.0037815140993007	0.255,0.214,0.205	0.278,0.391,0.362	-0.119
18	4933421I07Rik	4933421I07Rik	chr7	-	119662	120647	119662	120213	120450	120647	18	10,9,13	16,26,28	1,2,3	20,15,12	298	149	0.000557712861882	0.00980222605732	0.238,0.148,0.188	0.024,0.062,0.111	0.126
38	Rbakdn	Rbakdn	chr5	-	890085	890407	890085	890205	890313	890407	38	1411,1379,1369	1187,1110,1035	1338,1696,1372	571,729,634	257	149	1.74480430104e-11	3.373288315344e-09	0.408,0.419,0.434	0.576,0.574,0.556	-0.148
88	Rsbn1	Rsbn1	chr3	+	554746	559223	554746	555202	557160	559223	88	143,172,151	130,85,96	165,228,183	42,55,49	298	149	1.63521732821e-08	1.8968521007236e-06	0.355,0.503,0.44	0.663,0.675,0.651	-0.23
177	Znrf1	Znrf1	chr8	+	556977	561101	556977	557069	557856	561101	177	116,128,114	90,86,94	138,161,143	47,91,71	298	149	0.0027115351985	0.0357896904263727	0.392,0.427,0.377	0.595,0.469,0.502	-0.123
230	Pla2g6	Pla2g6	chr15	-	743567	744304	743567	743647	744021	744304	230	154,149,168	23,14,14	166,243,162	3,10,9	298	149	5.98713169406e-05	0.0016535887535975	0.77,0.842,0.857	0.965,0.924,0.9	-0.107
231	Pla2g6	Pla2g6	chr15	-	743567	744304	743567	743647	744142	744304	231	106,115,127	41,36,32	116,148,113	21,30,16	298	149	0.00290892607633	0.0370635273624978	0.564,0.615,0.665	0.734,0.712,0.779	-0.127
274	Arrdc1	Arrdc1	chr2	-	83664	84357	83664	84103	84180	84357	274	17,16,17	10,10,16	15,12,6	24,23,17	226	149	0.00152088652205	0.0232135311260263	0.528,0.513,0.412	0.292,0.256,0.189	0.239
279	Keap1	Keap1	chr9	-	9341	11603	9341	10027	11063	11603	279	27,19,16	47,35,45	33,53,32	23,37,42	298	149	0.00031314644128	0.0064866048550857	0.223,0.213,0.151	0.418,0.417,0.276	-0.175
301	A230103J11Rik	A230103J11Rik	chr8	-	356506	358167	356506	357823	358012	358167	301	18,9,17	15,10,9	41,23,22	12,8,3	298	149	0.00311558440023	0.0376466448361125	0.375,0.31,0.486	0.631,0.59,0.786	-0.279
320	Yipf2	Yipf2	chr9	-	15603	16682	15603	16480	16556	16682	320	138,145,125	36,33,29	150,170,148	15,18,12	225	149	4.40628087472e-06	0.0002555642907337	0.717,0.744,0.741	0.869,0.862,0.891	-0.14
323	4930412M03Rik	4930412M03Rik	chr11	-	653402	656418	653402	653979	655880	656418	323	61,57,44	51,47,47	51,97,61	18,32,25	298	149	1.60118434578e-06	0.000116085865069	0.374,0.377,0.319	0.586,0.602,0.55	-0.223
327	Wdr54	Wdr54	chr6	-	462468	462673	462468	462539	462608	462673	327	31,35,35	65,68,61	32,33,35	30,42,28	218	149	0.00191540231343	0.0277733335447349	0.246,0.26,0.282	0.422,0.349,0.461	-0.148
328	Abhd10	Abhd10	chr16	-	761425	763660	761425	761694	763407	763660	328	89,115,93	31,14,24	99,115,79	7,15,7	298	149	0.00225948512216	0.0312024135917333	0.589,0.804,0.66	0.876,0.793,0.849	-0.155
353	Mrps12	Mrps12	chr7	-	3846	4181	3846	3914	4124	4181	353	6,15,11	33,34,49	10,23,24	30,30,26	298	149	0.0034377775927	0.0398737248911923	0.083,0.181,0.101	0.143,0.277,0.316	-0.124
399	Bcl2l11	Bcl2l11	chr2	+	673856	674251	673856	673993	674161	674251	399	29,49,45	16,19,15	60,79,83	6,9,15	298	149	4.96990872492e-05	0.0016535887535975	0.475,0.563,0.6	0.833,0.814,0.735	-0.248
422	Stap2	Stap2	chr17	-	159689	159962	159689	159755	159859	159962	422	3,6,8	18,32,21	17,26,18	6,20,23	253	149	7.32147189542e-06	0.0003860412453948	0.089,0.099,0.183	0.625,0.434,0.315	-0.334
500	Eif4a2	Eif4a2	chr16	+	19011	20793	19011	19122	19827	20793	500	173,232,215	19,25,25	242,282,209	46,53,49	298	149	0.000416567943254	0.0080536469029106	0.82,0.823,0.811	0.725,0.727,0.681	0.107
611	Rnf112	Rnf112	chr11	-	662829	663036	662829	662904	662979	663036	611	40,32,59	25,39,35	51,58,47	11,17,16	224	149	0.000134973410158	0.0031863952017016	0.516,0.353,0.529	0.755,0.694,0.661	-0.237
682	Tmem259	Tmem259	chr10	-	856375	856589	856375	856459	856531	856589	682	137,134,129	363,368,353	270,349,302	193,216,216	221	149	0.0	0.0	0.203,0.197,0.198	0.485,0.521,0.485	-0.298
