ID	GeneID	geneSymbol	chr	strand	exonStart_0base	exonEnd	upstreamES	upstreamEE	downstreamES	downstreamEE	ID	IJC_SAMPLE_1	SJC_SAMPLE_1	IJC_SAMPLE_2	SJC_SAMPLE_2	IncFormLen	SkipFormLen	PValue	FDR	IncLevel1	IncLevel2	IncLevelDifference
113	Git1	Git1	chr11	+	725925	725952	724168	724211	726114	726163	113	154,127,143	613,660,637	38,42,30	441,598,502	176	149	0.0	0.0	0.175,0.14,0.16	0.068,0.056,0.048	0.101
259	Adgb	Adgb	chr10	-	109847	110015	103874	103965	112910	113040	259	45,39,42	31,38,26	36,39,30	0,0,0	298	149	0.0	0.0	0.421,0.339,0.447	1.0,1.0,1.0	-0.598
264	Adgb	Adgb	chr10	-	190039	190174	186106	186201	194511	194641	264	140,111,101	31,15,20	12,22,20	29,27,23	284	149	1.11022302463e-16	2.699923618022081e-13	0.703,0.795,0.726	0.178,0.299,0.313	0.478
446	Hook2	Hook2	chr8	+	347646	347681	347360	347448	350311	350394	446	203,187,177	12,12,3	55,62,83	14,9,14	184	149	1.44490914145e-06	0.0004227174037129	0.932,0.927,0.979	0.761,0.848,0.828	0.134
591	Armc2	Armc2	chr10	-	749428	749501	741105	741274	752543	752799	591	215,215,199	19,13,12	141,185,136	24,27,25	222	149	3.93103648174e-05	0.0055419068661051	0.884,0.917,0.918	0.798,0.821,0.785	0.105
919	Atp8b5	Atp8b5	chr4	+	82683	82880	73378	73467	90975	91184	919	273,307,338	11,12,17	178,206,180	22,33,19	298	149	2.05169001788e-07	7.98312585957108e-05	0.925,0.927,0.909	0.802,0.757,0.826	0.125
1092	Col16a1	Col16a1	chr4	+	531677	531725	531434	531494	531848	531902	1092	270,298,268	23,25,37	179,240,199	48,46,39	197	149	6.26142521443e-06	0.0013386376653487	0.899,0.9,0.846	0.738,0.798,0.794	0.105
1585	Mia3	Mia3	chr1	-	1587392	1587530	1586518	1586587	1587687	1587788	1585	254,276,252	243,266,214	321,386,296	145,149,174	287	149	3.77822403363e-08	1.909229833097965e-05	0.352,0.35,0.379	0.535,0.574,0.469	-0.166
1621	Drc1	Drc1	chr5	+	287442	287530	227171	227385	288446	288559	1621	281,246,250	21,19,27	150,171,151	34,32,27	237	149	9.73945547522e-06	0.001894811062704	0.894,0.891,0.853	0.735,0.771,0.779	0.118
1622	Drc1	Drc1	chr5	+	291269	291453	288446	288559	292834	292972	1622	409,439,415	19,14,20	216,280,250	34,24,32	298	149	6.46391545844e-08	2.994177981998815e-05	0.915,0.94,0.912	0.761,0.854,0.796	0.119
2103	Tmem202	Tmem202	chr9	-	51460	51707	46831	46981	52107	52244	2103	267,305,320	12,8,14	130,179,159	13,20,16	298	149	2.93701027245e-05	0.0043953488346549	0.918,0.95,0.92	0.833,0.817,0.832	0.102
2389	Mapk15	Mapk15	chr15	+	683481	683511	683254	683353	683643	683734	2389	140,169,170	62,57,53	174,239,169	23,46,33	179	149	5.48036784387e-06	0.0012047520497456	0.653,0.712,0.728	0.863,0.812,0.81	-0.131
3915	Plekhn1	Plekhn1	chr4	-	565956	566103	565778	565859	568647	568747	3915	130,100,115	8,11,23	75,153,103	0,4,6	296	149	3.0965277606e-05	0.0045812127439142	0.891,0.821,0.716	1.0,0.951,0.896	-0.14
4299	Ehmt2	Ehmt2	chr17	+	109508	109610	109240	109355	109808	109957	4299	279,281,312	461,411,406	284,427,377	312,302,262	251	149	2.95840767717e-06	0.0007378951456325	0.264,0.289,0.313	0.351,0.456,0.461	-0.134
4304	Ehmt2	Ehmt2	chr17	+	115261	115377	114876	114954	115477	115564	4304	503,547,539	152,168,172	475,616,490	64,115,114	265	149	2.45319282619e-05	0.0038960707292674	0.65,0.647,0.638	0.807,0.751,0.707	-0.11
4477	Crlf1	Crlf1	chr8	+	250910	250953	250618	250806	251134	251395	4477	84,70,67	101,71,70	16,30,28	10,10,7	192	149	0.000107686686761	0.0119036618803139	0.392,0.433,0.426	0.554,0.7,0.756	-0.253
4795	Tollip	Tollip	chr7	-	820210	820299	814255	814405	823791	823977	4795	339,398,338	282,336,281	167,251,177	297,402,286	238	149	1.21756271731e-10	1.528237591307487e-07	0.429,0.426,0.43	0.26,0.281,0.279	0.155
4913	Sun1	Sun1	chr5	+	865998	866190	862951	863131	870146	870240	4913	66,86,87	55,42,47	78,122,98	25,39,28	298	149	0.000589167903182	0.0428495759117974	0.375,0.506,0.481	0.609,0.61,0.636	-0.164
4926	Sun1	Sun1	chr5	+	869716	869815	862951	863131	870146	870240	4926	150,153,167	55,42,47	156,216,192	25,39,28	248	149	0.000135446794435	0.0140482323518743	0.621,0.686,0.681	0.789,0.769,0.805	-0.125
5333	Mia2	Mia2	chr12	+	52745	52772	51108	51180	53256	53367	5333	11,18,29	105,122,123	29,44,46	99,116,120	176	149	5.67819088263e-05	0.0074215789069202	0.081,0.111,0.166	0.199,0.243,0.245	-0.11
5679	BC051142	BC051142	chr17	+	89764	89788	87942	87963	90633	90648	5679	734,785,741	557,668,581	205,310,227	354,450,408	173	149	2.660094367e-13	4.732229759573113e-10	0.532,0.503,0.523	0.333,0.372,0.324	0.176
5720	Zmynd12	Zmynd12	chr4	+	490297	490467	485628	485800	493308	493431	5720	237,226,262	23,18,21	98,106,113	32,32,17	298	149	2.58150001198e-06	0.0006741353386989	0.837,0.863,0.862	0.605,0.624,0.769	0.188
5722	Zmynd12	Zmynd12	chr4	+	496630	496742	493308	493431	498803	498949	5722	244,230,194	11,15,12	94,106,99	14,31,20	261	149	2.46766115319e-08	1.476047034943164e-05	0.927,0.897,0.902	0.793,0.661,0.739	0.178
5768	Lrrc9	Lrrc9	chr12	+	167735	167807	165050	165191	169100	169330	5768	187,158,184	41,47,44	64,77,80	22,38,47	221	149	0.000689557002962	0.0477413932121911	0.755,0.694,0.738	0.662,0.577,0.534	0.138
5884	Mta1	Mta1	chr12	+	397989	398025	397633	397786	400245	400277	5884	72,57,80	255,250,252	85,122,108	175,236,180	185	149	5.55568898442e-07	0.0001826652423794	0.185,0.155,0.204	0.281,0.294,0.326	-0.119
6126	Tmem232	Tmem232	chr17	-	695672	695807	682066	682178	705569	705652	6126	70,49,79	34,22,23	29,38,28	0,0,1	284	149	1.89848137211e-14	3.693495509440005e-11	0.519,0.539,0.643	1.0,1.0,0.936	-0.412
6218	Rnf38	Rnf38	chr4	-	159063	159213	152520	152714	168403	168444	6218	67,77,47	3,4,5	37,66,46	9,15,8	298	149	0.000191344622086	0.0184744894425961	0.918,0.906,0.825	0.673,0.688,0.742	0.182
6666	Spata5	Spata5	chr3	+	305961	305998	304136	304301	354730	355075	6666	81,61,78	260,330,323	128,134,102	217,299,227	186	149	2.25659153585e-08	1.41619317193425e-05	0.2,0.129,0.162	0.321,0.264,0.265	-0.12
6803	Ppp4r1l-ps	Ppp4r1l-ps	chr2	-	899464	899562	896914	897062	908607	908754	6803	76,92,66	72,74,86	84,93,87	41,37,22	247	149	1.65021014531e-06	0.000466823328308	0.389,0.429,0.316	0.553,0.603,0.705	-0.242
6910	Osbpl9	Osbpl9	chr4	-	352645	352714	347261	347357	378508	378585	6910	52,50,40	133,123,111	12,32,32	118,167,152	218	149	3.65872819741e-06	0.0008575970732603	0.211,0.217,0.198	0.065,0.116,0.126	0.106
7059	4932438A13Rik	4932438A13Rik	chr3	+	131571	131622	128689	128783	133669	133876	7059	431,460,466	271,283,280	258,350,271	242,363,278	200	149	2.81969818694e-06	0.0007124315354145	0.542,0.548,0.554	0.443,0.418,0.421	0.121
7133	Zbtb20	Zbtb20	chr16	+	715331	715495	710035	710093	715862	716050	7133	151,160,145	11,10,8	119,170,149	20,27,21	298	149	9.99610542832e-05	0.0114396606534097	0.873,0.889,0.901	0.748,0.759,0.78	0.125
7507	Tfdp2	Tfdp2	chr9	+	220288	220327	205920	205987	247077	247181	7507	4,6,7	52,37,49	17,17,16	45,47,49	188	149	0.000189860878711	0.0183768328125497	0.057,0.114,0.102	0.23,0.223,0.206	-0.129
7861	Aftph	Aftph	chr11	-	13666	13747	9380	9504	15228	15289	7861	84,84,61	200,226,213	31,42,32	240,276,216	230	149	9.19583520442e-10	8.132044268272322e-07	0.214,0.194,0.156	0.077,0.09,0.088	0.103
8268	Reep6	Reep6	chr10	+	870812	870893	870065	870234	871209	872541	8268	97,71,91	68,85,58	18,43,27	66,76,56	230	149	1.6232636515e-06	0.000464420504999	0.48,0.351,0.504	0.15,0.268,0.238	0.226
8605	Thoc7	Thoc7	chr14	-	10468	10620	7527	7645	14173	14302	8605	95,108,87	30,36,33	41,57,70	27,48,49	298	149	2.48660376506e-05	0.0039171559715985	0.613,0.6,0.569	0.432,0.373,0.417	0.187
9069	Mok	Mok	chr12	-	309975	310149	309279	309394	311149	311251	9069	468,447,498	89,80,78	269,385,304	82,113,97	298	149	9.34141034703e-06	0.0018357286697118	0.724,0.736,0.761	0.621,0.63,0.61	0.12
9081	Speer2	Speer2	chr16	-	840784	840900	839602	839762	842737	842895	9081	273,265,243	26,38,39	117,170,144	42,44,45	265	149	4.10287018471e-07	0.0001412767069797	0.855,0.797,0.778	0.61,0.685,0.643	0.164
9122	4930590J08Rik	4930590J08Rik	chr6	+	468841	468978	466673	466797	476603	476659	9122	36,35,31	63,69,85	4,7,11	36,39,40	286	149	0.000179739904134	0.0177055181515289	0.229,0.209,0.16	0.055,0.086,0.125	0.111
9324	Higd1a	Higd1a	chr9	-	402334	402486	398104	398223	403125	403410	9324	104,90,117	92,66,103	57,64,52	77,109,114	298	149	1.65565713972e-06	0.000466823328308	0.361,0.405,0.362	0.27,0.227,0.186	0.148
9433	Postn	Postn	chr3	+	380220	380301	377369	377415	383196	383286	9433	55,33,49	10,13,5	23,30,17	12,19,15	230	149	0.000494779915411	0.0378863757666001	0.781,0.622,0.864	0.554,0.506,0.423	0.261
9495	Map7	Map7	chr10	+	326002	326116	319188	319299	330677	330802	9495	235,253,236	85,69,83	268,319,271	55,64,44	263	149	8.15279326728e-05	0.0097909008033908	0.61,0.675,0.617	0.734,0.738,0.777	-0.116
9828	Suco	Suco	chr1	-	1085091	1085112	1084834	1084890	1086736	1086842	9828	358,374,358	64,96,92	214,268,220	88,140,99	170	149	3.1192254446e-08	1.61825416065848e-05	0.831,0.773,0.773	0.681,0.627,0.661	0.136
9969	Mrpl30	Mrpl30	chr1	+	511455	511536	508989	509097	512451	512528	9969	140,153,106	63,48,65	128,207,148	35,40,32	230	149	0.000288686472849	0.0255290696785331	0.59,0.674,0.514	0.703,0.77,0.75	-0.148
11303	Mtmr14	Mtmr14	chr6	+	519608	519757	517166	517445	529194	529303	11303	179,164,156	7,8,10	113,139,147	13,19,16	298	149	0.000584559778576	0.042754174782692	0.927,0.911,0.886	0.813,0.785,0.821	0.102
11625	Brd3	Brd3	chr2	-	121980	122031	121413	121655	122893	123085	11625	214,225,203	89,95,83	111,135,114	92,107,105	200	149	1.06867349414e-07	4.569459962306308e-05	0.642,0.638,0.646	0.473,0.485,0.447	0.174
12374	Zfp410	Zfp410	chr12	+	195522	195725	195113	195254	196573	196701	12374	34,37,54	57,75,85	20,28,30	82,97,99	298	149	0.000106626105039	0.0118877413956088	0.23,0.198,0.241	0.109,0.126,0.132	0.101
12855	Timm22	Timm22	chr11	+	705836	706033	703337	703637	707321	707394	12855	77,77,91	15,19,22	121,112,112	10,10,10	298	149	7.35387684716e-05	0.008969885521097	0.72,0.67,0.674	0.858,0.848,0.848	-0.163
12995	Myo18a	Myo18a	chr11	+	780299	780311	778678	778823	780912	781083	12995	62,59,76	11,19,15	38,54,40	20,36,16	161	149	0.000423056071342	0.0338010507924378	0.839,0.742,0.824	0.637,0.581,0.698	0.163
13282	Zdbf2	Zdbf2	chr1	+	588337	588440	578424	578535	592573	592704	13282	91,95,102	45,42,48	36,53,49	27,46,54	252	149	0.000246276949125	0.022494450916558	0.545,0.572,0.557	0.441,0.405,0.349	0.16
13337	Ms4a20	Ms4a20	chr19	-	38436	38490	33805	33925	44535	44645	13337	80,111,99	8,25,26	63,81,53	21,37,40	203	149	0.000447173799576	0.0352931694553796	0.88,0.765,0.736	0.688,0.616,0.493	0.195
13339	Ms4a20	Ms4a20	chr19	-	40444	40588	33805	33925	44535	44645	13339	328,321,273	8,25,26	157,208,192	21,37,40	293	149	4.07851118545e-07	0.0001412767069797	0.954,0.867,0.842	0.792,0.741,0.709	0.14
14142	Rims2	Rims2	chr15	+	79128	79215	2000	2253	95816	96027	14142	15,16,12	43,41,30	27,34,39	21,25,28	236	149	8.66272008571e-08	3.830300437897456e-05	0.18,0.198,0.202	0.448,0.462,0.468	-0.266
14281	Pbx1	Pbx1	chr1	-	1151643	1151756	1150217	1150307	1157965	1158125	14281	57,39,43	22,26,26	26,22,26	53,41,24	262	149	4.61155405366e-05	0.0063181538108419	0.596,0.46,0.485	0.218,0.234,0.381	0.236
14298	Stag3	Stag3	chr5	+	820141	820342	819827	819917	820612	820700	14298	715,740,704	42,46,61	444,603,517	52,103,78	298	149	2.00925753813e-08	1.32508831879048e-05	0.895,0.889,0.852	0.81,0.745,0.768	0.104
14299	Stag3	Stag3	chr5	+	820442	820513	819827	819917	820612	820700	14299	396,419,451	42,46,61	306,364,289	52,103,78	220	149	1.26010861401e-06	0.0003771602013163	0.865,0.861,0.834	0.799,0.705,0.715	0.114
14618	Grip1	Grip1	chr10	+	1361543	1361738	1361235	1361375	1372295	1372452	14618	58,52,59	16,6,8	60,59,64	0,1,0	298	149	8.5138784911e-11	1.142327627892073e-07	0.644,0.812,0.787	1.0,0.967,1.0	-0.241
15017	Ccdc30	Ccdc30	chr4	-	464632	464738	462544	462670	467068	467232	15017	595,583,555	59,70,68	208,274,246	52,68,59	255	149	3.31896576888e-08	1.699223132462116e-05	0.855,0.83,0.827	0.7,0.702,0.709	0.134
15179	Clip1	Clip1	chr5	-	638836	639034	638195	638299	642500	642723	15179	105,87,108	40,27,27	110,111,97	9,16,13	298	149	1.10872491313e-05	0.0021147297240141	0.568,0.617,0.667	0.859,0.776,0.789	-0.191
16049	Odf2	Odf2	chr2	+	149300	149537	148351	148456	150720	150811	16049	1188,1198,1177	513,553,500	559,713,594	370,529,427	298	149	4.09289936165e-07	0.0001412767069797	0.537,0.52,0.541	0.43,0.403,0.41	0.118
16052	Odf2	Odf2	chr2	+	149305	149537	148254	148456	150720	150811	16052	1181,1175,1164	513,553,500	556,702,589	370,529,427	298	149	4.68813710408e-07	0.0001586220997563	0.535,0.515,0.538	0.429,0.399,0.408	0.117
16520	Dnajb6	Dnajb6	chr5	+	188095	188200	185403	185514	189409	189830	16520	563,560,647	5,10,5	195,226,280	47,64,11	254	149	0.0	0.0	0.985,0.97,0.987	0.709,0.674,0.937	0.207
17171	H13	H13	chr2	+	738478	738678	734666	734752	739105	743152	17171	237,261,208	126,128,135	139,159,172	133,177,150	298	149	2.71828689657e-06	0.0007004539281161	0.485,0.505,0.435	0.343,0.31,0.364	0.136
17371	Ccdc38	Ccdc38	chr10	+	975402	975585	971966	972102	976455	976661	17371	1144,1301,1221	262,275,262	377,470,431	119,152,166	298	149	2.74255528574e-05	0.0041842213023467	0.686,0.703,0.7	0.613,0.607,0.565	0.101
17390	Tmem219	Tmem219	chr7	-	710778	710977	710501	710691	712549	712676	17390	119,117,140	10,4,10	105,142,133	38,15,26	298	149	6.28131337417e-05	0.0079352566035374	0.856,0.936,0.875	0.58,0.826,0.719	0.181
17392	Tmem219	Tmem219	chr7	-	710778	710980	710501	710691	712549	712676	17392	141,144,175	10,4,10	124,165,164	38,15,26	298	149	2.15452462522e-05	0.0035223761835004	0.876,0.947,0.897	0.62,0.846,0.759	0.165
17457	Zfp287	Zfp287	chr11	-	686058	686162	683756	683883	686790	687602	17457	42,28,36	2,3,3	42,48,33	8,13,11	253	149	0.000482294872467	0.0373083369536599	0.925,0.846,0.876	0.756,0.685,0.639	0.189
18008	Dlg1	Dlg1	chr16	+	279985	280084	251334	251499	290010	290064	18008	93,82,80	129,135,128	103,143,122	99,145,112	248	149	0.000606739555507	0.0436381443711226	0.302,0.267,0.273	0.385,0.372,0.396	-0.104
19174	Dlec1	Dlec1	chr9	+	370187	370318	369941	370035	370423	370582	19174	251,309,244	7,8,11	184,205,189	16,22,25	280	149	2.792598921e-07	0.0001065294353099	0.95,0.954,0.922	0.86,0.832,0.801	0.111
19877	Tulp2	Tulp2	chr7	+	164576	164609	136668	136889	165060	165112	19877	24,11,30	104,92,98	0,0,0	75,85,81	182	149	1.11022302463e-16	2.699923618022081e-13	0.159,0.089,0.2	0.0,0.0,0.0	0.149
19880	Tulp2	Tulp2	chr7	+	165823	165962	136668	136889	166644	166782	19880	195,122,161	98,138,111	24,25,20	101,148,115	288	149	0.0	0.0	0.507,0.314,0.429	0.109,0.08,0.083	0.326
19881	Tulp2	Tulp2	chr7	+	165823	165962	165060	165112	166644	166782	19881	380,259,332	67,69,68	66,75,63	59,59,57	288	149	0.0	0.0	0.746,0.66,0.716	0.367,0.397,0.364	0.331
20014	Fkbp7	Fkbp7	chr2	-	444457	444573	442807	442941	448827	448979	20014	15,15,17	28,20,18	0,3,6	11,17,30	265	149	1.29629326004e-05	0.0023690753728808	0.231,0.297,0.347	0.0,0.09,0.101	0.228
20085	Aldoa	Aldoa	chr7	-	693498	693651	693168	693301	695812	695972	20085	249,284,261	44,45,70	169,190,157	54,86,59	298	149	4.09870181088e-05	0.0057161465039907	0.739,0.759,0.651	0.61,0.525,0.571	0.148
20511	Ppp6r2	Ppp6r2	chr15	+	824576	824659	821623	821778	831337	831580	20511	152,98,108	27,14,24	123,142,103	5,8,1	232	149	5.7623397165e-09	4.4842527673803e-06	0.783,0.818,0.743	0.94,0.919,0.985	-0.167
20538	Fgfr1op	Fgfr1op	chr17	+	12001	12061	9410	9491	18710	18937	20538	126,143,122	155,222,218	85,87,76	197,238,236	209	149	7.0850411642e-06	0.0014821449016076	0.367,0.315,0.285	0.235,0.207,0.187	0.113
20565	Pign	Pign	chr1	-	907631	907751	906346	906595	908037	908111	20565	119,118,127	10,14,17	119,135,167	33,42,30	269	149	0.000167429819904	0.016790449207383	0.868,0.824,0.805	0.666,0.64,0.755	0.145
20860	Fam161b	Fam161b	chr12	-	204748	204848	201780	203407	205077	205242	20860	120,137,127	0,4,5	94,148,120	10,16,12	249	149	2.76189637072e-06	0.0007023881554556	1.0,0.953,0.938	0.849,0.847,0.857	0.113
21009	Mff	Mff	chr1	+	690758	690791	680650	680742	692317	692377	21009	448,465,449	283,289,298	220,265,261	244,298,313	182	149	2.70213311726e-08	1.500171114900173e-05	0.564,0.568,0.552	0.425,0.421,0.406	0.144
21047	Ccdc7b	Ccdc7b	chr8	+	573455	573542	570383	570707	629029	629091	21047	107,127,140	10,8,8	61,43,73	11,13,13	236	149	0.000117247476276	0.0126373941880863	0.871,0.909,0.917	0.778,0.676,0.78	0.154
21259	Stk33	Stk33	chr7	-	462684	462795	460635	460749	561232	561369	21259	568,556,574	40,31,31	342,388,395	53,66,46	260	149	4.79877748649e-09	3.890008999985956e-06	0.891,0.911,0.914	0.787,0.771,0.831	0.109
21261	Stk33	Stk33	chr7	-	463604	463955	460635	460749	560894	561161	21261	139,146,178	32,43,33	71,115,92	42,61,46	298	149	1.49389829629e-06	0.0004305746867306	0.685,0.629,0.73	0.458,0.485,0.5	0.2
21262	Stk33	Stk33	chr7	-	463604	463955	460635	460749	561232	561369	21262	257,269,242	40,31,31	169,189,170	53,66,46	298	149	6.03337884097e-08	2.862911837831008e-05	0.763,0.813,0.796	0.615,0.589,0.649	0.173
21624	Odf2l	Odf2l	chr3	+	664091	664250	661640	661745	665859	665945	21624	120,127,119	49,64,51	61,84,69	84,89,78	298	149	2.83129630851e-10	2.977452415246597e-07	0.55,0.498,0.538	0.266,0.321,0.307	0.231
21917	Septin5	Septin5	chr16	-	3510	3607	3294	3430	4300	4402	21917	330,305,310	51,89,66	204,312,249	19,28,25	246	149	1.88872442364e-06	0.0005287069591642	0.797,0.675,0.74	0.867,0.871,0.858	-0.128
22180	Ralgps2	Ralgps2	chr1	-	933642	933720	932068	932174	936246	936301	22180	743,664,702	198,203,173	413,492,400	238,295,277	227	149	2.10942374679e-15	4.828098705152877e-12	0.711,0.682,0.727	0.532,0.523,0.487	0.193
22310	Lin7a	Lin7a	chr10	+	1037100	1037219	985020	985132	1093269	1093341	22310	445,453,404	21,30,29	269,359,250	37,38,45	268	149	2.37260527858e-06	0.0006323155574626	0.922,0.894,0.886	0.802,0.84,0.755	0.102
22387	1700088E04Rik	1700088E04Rik	chr15	-	693215	693398	692545	692674	696146	696209	22387	358,334,358	83,78,72	207,277,232	89,97,78	298	149	9.07873090178e-05	0.010518312761384	0.683,0.682,0.713	0.538,0.588,0.598	0.118
22572	Meig1	Meig1	chr2	-	6318	6464	4802	4969	15348	15606	22572	57,52,48	38,24,18	42,32,34	0,0,0	295	149	0.0	0.0	0.431,0.523,0.574	1.0,1.0,1.0	-0.491
22677	Fkbp1a	Fkbp1a	chr2	+	682158	682393	681070	681118	695638	695751	22677	245,236,256	701,709,609	359,476,398	430,521,493	298	149	0.0	0.0	0.149,0.143,0.174	0.295,0.314,0.288	-0.144
22680	Fkbp1a	Fkbp1a	chr2	+	682265	682393	681070	681118	695638	695751	22680	345,344,312	701,709,609	387,521,434	430,521,493	277	149	1.80401249494e-10	2.127094732670164e-07	0.209,0.207,0.216	0.326,0.35,0.321	-0.122
22860	Rpgr	Rpgr	chrX	-	19787	20666	9860	10061	22055	22121	22860	70,49,45	8,10,13	25,38,41	17,19,25	298	149	6.02808248436e-05	0.0077663755335784	0.814,0.71,0.634	0.424,0.5,0.451	0.261
23126	Pitpnb	Pitpnb	chr5	+	557721	557806	555189	555312	558704	560561	23126	135,129,138	8,11,6	95,110,126	19,21,14	234	149	0.00013555811572	0.0140482323518743	0.915,0.882,0.936	0.761,0.769,0.851	0.117
23659	Zdhhc3	Zdhhc3	chr9	-	434035	434087	424144	424269	435375	435705	23659	17,19,8	61,67,69	25,35,25	51,78,46	201	149	0.000526533317281	0.0395420084688179	0.171,0.174,0.079	0.267,0.25,0.287	-0.127
23827	Rmdn2	Rmdn2	chr17	+	833027	833945	826871	827338	855867	856042	23827	75,50,58	60,46,46	5,4,2	42,79,52	298	149	0.0	0.0	0.385,0.352,0.387	0.056,0.025,0.019	0.341
24055	Foxm1	Foxm1	chr6	+	616794	616839	615783	615912	617360	617430	24055	76,93,82	211,252,208	68,83,66	69,93,91	194	149	7.77388686757e-09	5.931018392493111e-06	0.217,0.221,0.232	0.431,0.407,0.358	-0.175
24068	Spata7	Spata7	chr12	+	257095	257191	254834	254909	260437	260485	24068	74,63,81	37,20,37	49,62,29	6,10,8	245	149	0.000689227501556	0.0477413932121911	0.549,0.657,0.571	0.832,0.79,0.688	-0.178
24089	Ccdc50	Ccdc50	chr16	+	42858	42904	42488	42615	45161	45252	24089	34,21,26	103,108,96	3,13,13	70,114,112	195	149	1.18627814716e-05	0.0022191385916344	0.201,0.129,0.171	0.032,0.08,0.081	0.103
24374	Catsperg1	Catsperg1	chr7	-	22062	22221	21863	21973	22477	22589	24374	405,541,460	66,82,80	270,366,284	89,118,95	298	149	2.53872074474e-08	1.476047034943164e-05	0.754,0.767,0.742	0.603,0.608,0.599	0.151
24821	D130020L05Rik	D130020L05Rik	chr12	+	300428	300593	298524	298740	302282	303168	24821	375,394,363	26,53,32	215,228,209	58,47,39	298	149	4.89143111571e-07	0.000162671439925	0.878,0.788,0.85	0.65,0.708,0.728	0.143
25068	Catsperg2	Catsperg2	chr7	-	44977	45073	42542	42635	45170	45234	25068	180,201,188	76,108,106	89,129,93	86,115,86	245	149	9.94676966692e-06	0.0019159841967319	0.59,0.531,0.519	0.386,0.406,0.397	0.15
25627	Bcl2l12	Bcl2l12	chr7	-	129268	129360	127832	128120	129451	129538	25627	350,417,399	17,18,19	277,421,341	38,56,39	241	149	9.49874834344e-09	6.973515057419819e-06	0.927,0.935,0.928	0.818,0.823,0.844	0.102
25680	Pts	Pts	chr9	-	40916	41003	39640	39720	41327	41427	25680	1,1,2	19,17,20	16,11,3	22,36,27	236	149	0.000157806774826	0.0160739832682713	0.032,0.036,0.059	0.315,0.162,0.066	-0.139
25759	Ranbp17	Ranbp17	chr11	-	539730	539848	473503	473563	577451	577587	25759	58,54,69	45,45,58	75,78,75	32,35,29	267	149	0.000239077033747	0.0220438089646819	0.418,0.401,0.399	0.567,0.554,0.591	-0.165
25806	Dst	Dst	chr1	+	493068	493086	491788	491863	496047	496165	25806	40,31,31	155,191,202	38,48,50	86,121,109	167	149	6.82969590882e-07	0.0002214528898434	0.187,0.126,0.12	0.283,0.261,0.29	-0.134
26168	Abca14	Abca14	chr7	+	574041	574201	572915	573043	577534	577794	26168	360,322,337	35,37,44	184,215,184	57,43,43	298	149	2.6128246341e-06	0.0006777667100855	0.837,0.813,0.793	0.617,0.714,0.681	0.144
26350	Lrif1	Lrif1	chr3	+	574878	575148	573204	574684	575899	576181	26350	57,58,54	66,54,62	14,16,15	38,42,32	298	149	5.83574044455e-05	0.0075942695885431	0.302,0.349,0.303	0.156,0.16,0.19	0.149
26457	Cep63	Cep63	chr9	-	303015	303295	300885	301320	308815	308902	26457	642,695,708	245,257,279	429,510,500	248,346,286	298	149	3.95295347111e-06	0.0009101149086443	0.567,0.575,0.559	0.464,0.424,0.466	0.116
26458	Cep63	Cep63	chr9	-	304635	304841	300885	301320	308815	308902	26458	994,1057,1007	245,257,279	598,783,685	248,346,286	298	149	2.94625021491e-07	0.0001091796151068	0.67,0.673,0.643	0.547,0.531,0.545	0.121
26622	Efcab8	Efcab8	chr2	+	778112	778264	777734	777802	778778	778913	26622	308,380,350	2,8,10	148,207,165	15,19,10	298	149	4.43737034894e-08	2.185545319965258e-05	0.987,0.96,0.946	0.831,0.845,0.892	0.108
27339	Agbl3	Agbl3	chr6	+	133916	134101	131404	131450	141346	141575	27339	160,162,145	28,26,27	64,78,86	30,33,23	298	149	0.000230190252735	0.0215305354180741	0.741,0.757,0.729	0.516,0.542,0.652	0.172
28030	Cspp1	Cspp1	chr1	+	49529	49735	47283	47341	51833	51967	28030	136,192,154	25,30,44	92,189,147	47,70,59	298	149	9.15334854682e-05	0.0105371831939871	0.731,0.762,0.636	0.495,0.574,0.555	0.168
28046	Htra2	Htra2	chr6	-	453129	453235	452904	452974	453469	453502	28046	78,107,95	2,15,7	90,144,95	27,31,16	255	149	0.000180448670117	0.0177304488743749	0.958,0.807,0.888	0.661,0.731,0.776	0.162
28373	Bbof1	Bbof1	chr12	+	239940	240434	238368	238513	241575	241677	28373	972,1094,985	54,58,68	461,505,513	82,105,87	298	149	0.0	0.0	0.9,0.904,0.879	0.738,0.706,0.747	0.164
28529	Fbxo34	Fbxo34	chr14	+	53006	53188	18302	18459	71946	72056	28529	25,17,15	33,36,36	12,17,3	36,77,36	298	149	0.000550134192028	0.0408506133813158	0.275,0.191,0.172	0.143,0.099,0.04	0.119
29053	Ehbp1	Ehbp1	chr11	-	208434	208539	207713	207836	225681	225821	29053	136,138,135	85,100,82	62,91,72	78,122,95	254	149	9.91146163476e-07	0.0003085239777668	0.484,0.447,0.491	0.318,0.304,0.308	0.164
29439	Fam90a1b	Fam90a1b	chrX	-	89132	89268	86326	86423	90336	90421	29439	11,16,17	8,12,23	2,9,2	14,32,17	285	149	4.26442881873e-06	0.000976052501981	0.418,0.411,0.279	0.069,0.128,0.058	0.284
29450	Dgkh	Dgkh	chr14	-	128720	128755	126631	126905	129255	129355	29450	10,6,16	20,15,18	0,4,0	11,7,18	184	149	0.000230036594961	0.0215305354180741	0.288,0.245,0.419	0.0,0.316,0.0	0.212
29864	Enah	Enah	chr1	-	1480508	1480619	1478175	1478480	1482410	1482691	29864	175,159,156	72,45,38	162,281,203	16,28,19	260	149	6.20267281981e-10	5.612697660902491e-07	0.582,0.669,0.702	0.853,0.852,0.86	-0.204
29865	Enah	Enah	chr1	-	1480508	1481351	1478175	1478480	1482410	1482691	29865	106,89,96	72,45,38	96,155,111	16,28,19	298	149	2.73739781953e-08	1.500171114900173e-05	0.424,0.497,0.558	0.75,0.735,0.745	-0.25
30242	Fam53c	Fam53c	chr18	+	231368	231426	230790	231020	236463	237248	30242	175,150,170	48,41,43	133,150,125	12,13,12	207	149	4.82388680112e-08	2.317252289278756e-05	0.724,0.725,0.74	0.889,0.893,0.882	-0.158
30460	Gm2762	Gm2762	chr13	+	313064	313241	278517	278652	333136	333248	30460	1271,1450,1329	94,105,123	885,1144,941	126,170,179	298	149	3.28285287843e-10	3.361468565781877e-07	0.871,0.873,0.844	0.778,0.771,0.724	0.105
30461	Gm2762	Gm2762	chr13	+	315312	315415	278517	278652	333136	333248	30461	283,311,303	94,105,123	216,302,233	126,170,179	252	149	3.05045470417e-06	0.0007560075957914	0.64,0.637,0.593	0.503,0.512,0.435	0.14
30496	D11Wsu47e	D11Wsu47e	chr11	+	948713	948818	944758	946206	949379	949487	30496	109,94,97	24,18,24	42,64,45	3,3,2	254	149	3.86309792444e-06	0.0008947210728569	0.727,0.754,0.703	0.891,0.926,0.93	-0.188
30664	Rif1	Rif1	chr2	+	279096	279174	278676	278823	279263	279379	30664	353,338,376	373,475,404	326,525,454	249,318,282	227	149	1.3076863481e-08	9.422606630476111e-06	0.383,0.318,0.379	0.462,0.52,0.514	-0.139
30811	Ccdc180	Ccdc180	chr4	+	198336	198554	194879	195006	199530	199706	30811	101,111,101	0,3,0	109,138,138	8,9,18	298	149	1.49055711107e-08	1.035671021280959e-05	1.0,0.949,1.0	0.872,0.885,0.793	0.133
31199	Atp13a3	Atp13a3	chr16	-	118259	118302	118064	118174	119245	119325	31199	88,87,76	9,18,12	93,96,81	6,4,2	192	149	4.8124473218e-05	0.006524471264503	0.884,0.79,0.831	0.923,0.949,0.969	-0.112
31309	Epb41l2	Epb41l2	chr10	+	496435	496750	483562	483705	500786	500885	31309	171,157,172	53,43,45	116,198,153	5,14,6	298	149	2.6645352591e-15	5.7598370517545e-12	0.617,0.646,0.656	0.921,0.876,0.927	-0.268
31312	Epb41l2	Epb41l2	chr10	+	496435	496999	483562	483705	500786	500885	31312	116,121,114	53,43,45	97,162,122	5,14,6	298	149	0.0	0.0	0.523,0.585,0.559	0.907,0.853,0.91	-0.334
31313	Epb41l2	Epb41l2	chr10	+	498748	498871	483562	483705	500786	500885	31313	222,252,211	53,43,45	269,325,313	5,14,6	272	149	0.0	0.0	0.696,0.762,0.72	0.967,0.927,0.966	-0.227
31315	Epb41l2	Epb41l2	chr10	+	498748	498871	496435	496750	500786	500885	31315	232,258,224	60,44,64	276,329,321	36,43,34	272	149	6.20875327865e-05	0.0078948558847147	0.679,0.763,0.657	0.808,0.807,0.838	-0.118
31642	Akap1	Akap1	chr11	-	895659	895766	893238	893372	896328	897935	31642	9,7,16	36,39,23	0,0,1	28,35,32	256	149	1.65194358193e-09	1.428380550508807e-06	0.127,0.095,0.288	0.0,0.0,0.018	0.164
32571	Slc25a25	Slc25a25	chr2	-	200450	200486	200099	200211	201097	201185	32571	25,19,16	32,47,36	3,3,4	34,39,34	185	149	1.17389770016e-07	4.964821686220174e-05	0.386,0.246,0.264	0.066,0.058,0.087	0.228
32962	Slc39a10	Slc39a10	chr1	-	555055	555189	548434	549459	566778	566926	32962	77,80,82	18,21,16	24,51,39	15,22,27	283	149	0.000165931456795	0.0166831860048926	0.693,0.667,0.73	0.457,0.55,0.432	0.217
33064	Sltm	Sltm	chr9	+	86986	87455	85678	85706	88105	88155	33064	347,308,335	38,59,53	212,272,285	46,86,83	298	149	6.76581607371e-05	0.0084648843545998	0.82,0.723,0.76	0.697,0.613,0.632	0.12
33184	Lrrc27	Lrrc27	chr7	+	741633	741790	740659	740737	742059	742344	33184	212,243,256	190,212,212	181,195,175	89,117,108	298	149	0.000544198388294	0.0405646729665125	0.358,0.364,0.376	0.504,0.455,0.448	-0.103
33446	Arl13b	Arl13b	chr16	-	786705	786774	778656	780692	787703	787820	33446	23,12,19	90,89,67	17,35,17	39,59,45	218	149	0.000578817128661	0.0424138879024472	0.149,0.084,0.162	0.23,0.288,0.205	-0.109
34313	Pitpnm2	Pitpnm2	chr5	-	690888	691050	690029	690178	691389	691554	34313	77,66,72	45,51,48	72,85,60	21,22,24	298	149	9.0828915133e-05	0.010518312761384	0.461,0.393,0.429	0.632,0.659,0.556	-0.188
35323	Ccdc138	Ccdc138	chr10	+	774726	774854	772742	772863	778300	778479	35323	107,102,93	56,47,49	100,137,123	26,32,23	277	149	3.65531215141e-06	0.0008575970732603	0.507,0.539,0.505	0.674,0.697,0.742	-0.187
35874	Ccna1	Ccna1	chr3	-	432989	433123	432491	432731	434231	434345	35874	757,832,885	49,45,47	332,348,314	63,50,43	283	149	7.3036021675e-12	1.093012155143942e-08	0.891,0.907,0.908	0.735,0.786,0.794	0.13
35923	Dnajb4	Dnajb4	chr3	-	687041	687283	680079	680648	703499	703748	35923	199,237,219	49,48,42	65,96,94	40,45,33	298	149	2.82268530697e-05	0.0042405669997761	0.67,0.712,0.723	0.448,0.516,0.588	0.184
35924	Dnajb4	Dnajb4	chr3	-	687041	687329	680079	680648	703499	703748	35924	141,159,165	49,48,42	63,71,74	40,45,33	298	149	0.000303622541893	0.0266080024888662	0.59,0.624,0.663	0.441,0.441,0.529	0.155
36326	Fem1al	Fem1al	chr2	+	24523	24638	19606	20235	24790	24964	36326	156,176,178	17,28,22	86,112,92	25,27,27	264	149	0.000215157854574	0.0203198837899862	0.838,0.78,0.82	0.66,0.701,0.658	0.14
36621	Mybl2	Mybl2	chr2	+	864873	865296	863115	863406	866127	866267	36621	65,44,64	3,7,5	36,50,37	10,12,12	298	149	0.000425745533485	0.0339462268604535	0.915,0.759,0.865	0.643,0.676,0.607	0.204
36631	Nek1	Nek1	chr8	+	105687	105762	105488	105536	111212	111376	36631	126,122,154	22,18,20	103,171,154	2,7,5	224	149	2.00787240168e-08	1.32508831879048e-05	0.792,0.818,0.837	0.972,0.942,0.953	-0.14
36643	Alkbh3	Alkbh3	chr2	-	659505	659594	654263	654473	661133	661237	36643	145,151,182	26,27,32	111,135,116	54,41,41	238	149	4.03045780474e-05	0.0056615564325788	0.777,0.778,0.781	0.563,0.673,0.639	0.154
36750	Spdye4a	Spdye4a	chr5	-	897054	897223	896762	896865	899429	899515	36750	72,52,51	21,24,19	17,23,13	14,25,22	298	149	1.86236541702e-05	0.0032109155131942	0.632,0.52,0.573	0.378,0.315,0.228	0.268
37115	Fer	Fer	chr17	+	249685	249860	249393	249583	281167	281260	37115	98,105,113	48,44,55	55,70,105	53,75,69	298	149	0.000334691875186	0.0284964132680246	0.505,0.544,0.507	0.342,0.318,0.432	0.155
37116	Fer	Fer	chr17	+	265227	265420	249393	249583	281167	281260	37116	57,86,86	48,44,55	37,36,52	53,75,69	298	149	2.08100423382e-06	0.0005623046856801	0.373,0.494,0.439	0.259,0.194,0.274	0.193
37249	Erich2	Erich2	chr2	+	418323	418372	417759	417787	418610	418647	37249	374,403,461	53,57,67	155,224,193	47,73,52	198	149	2.89409482601e-07	0.0001091796151068	0.842,0.842,0.838	0.713,0.698,0.736	0.125
37280	Art3	Art3	chr5	+	490214	490250	489107	489137	493540	493573	37280	650,704,653	540,477,619	219,264,213	538,633,531	185	149	0.0	0.0	0.492,0.543,0.459	0.247,0.251,0.244	0.251
37429	Acsl3	Acsl3	chr1	+	621549	621689	616233	616512	640001	640419	37429	160,156,154	57,60,51	117,177,121	72,93,80	289	149	0.000449006055978	0.0353660438018299	0.591,0.573,0.609	0.456,0.495,0.438	0.128
37579	Kif27	Kif27	chr13	-	401151	401352	393065	393209	410087	410470	37579	174,177,168	20,34,23	57,106,97	31,42,41	298	149	5.20198306653e-09	4.130799206503721e-06	0.813,0.722,0.785	0.479,0.558,0.542	0.247
37659	Cdk2	Cdk2	chr10	-	1416242	1416386	1415738	1415942	1417609	1417711	37659	432,503,470	55,81,79	419,556,492	110,148,121	293	149	1.75637781293e-05	0.0030923375882853	0.8,0.759,0.752	0.66,0.656,0.674	0.107
37791	Hikeshi	Hikeshi	chr7	-	353802	353943	347046	347198	359209	359447	37791	14,21,18	48,43,59	2,2,5	57,67,65	290	149	1.56427870657e-10	1.90206513976996e-07	0.13,0.201,0.136	0.018,0.015,0.038	0.132
38947	Coro2a	Coro2a	chr4	-	264667	264841	262874	263075	301796	301909	38947	81,60,76	17,23,14	0,3,2	15,30,16	298	149	0.0	0.0	0.704,0.566,0.731	0.0,0.048,0.059	0.631
40639	Adam3	Adam3	chr8	-	40301	40371	39705	39883	44183	44262	40639	623,560,499	140,146,145	279,322,255	111,138,123	219	149	5.84483683475e-06	0.0012705173253638	0.752,0.723,0.701	0.631,0.614,0.585	0.115
40736	Cyb5r4	Cyb5r4	chr9	+	144880	145033	143503	143644	146663	146814	40736	251,240,266	90,83,98	212,258,303	43,70,56	298	149	0.000373500664207	0.0310532282997742	0.582,0.591,0.576	0.711,0.648,0.73	-0.113
40822	Pbx4	Pbx4	chr8	+	228463	228702	223231	223305	229049	229166	40822	222,230,228	83,76,69	159,209,171	94,131,96	298	149	1.29687240921e-05	0.0023690753728808	0.572,0.602,0.623	0.458,0.444,0.471	0.141
